20030101	24810
20030102	20330
20030103	22810
20030104	22470
20030105	19520
20030106	30370
20030107	36080
20030108	35670
20030109	39400
20030110	33140
20030111	36530
20030112	26970
20030113	19990
20030114	39380
20030115	34630
20030116	36330
20030117	40330
20030118	32060
20030119	19720
20030120	32130
20030121	30850
20030122	28520
20030123	27460
20030124	34140
20030125	30452
20030126	25990
20030127	33820
20030128	30570
20030129	25920
20030130	26730
20030131	34350
20030201	35090
20030202	21190
20030203	24080
20030204	25240
20030205	33140
20030206	28330
20030207	29880
20030208	31850
20030209	24180
20030210	35400
20030211	20380
20030212	28070
20030213	32600
20030214	34030
20030215	31820
20030216	26370
20030217	31870
20030218	28940
20030219	38640
20030220	28420
20030221	31260
20030222	33960
20030223	26210
20030224	28230
20030225	35880
20030226	35790
20030227	29910
20030228	32900
